0.052087,0.044623,-0.014868,0.059480,-0.059444,0.156134,0.037117,-0.133571,0.118888,0.192964,
-0.051852,0.000000,-0.170459,-0.111359,0.081754,0.014852,0.118800,-0.133492,-0.014852,0.096554,
-0.081621,0.074261,0.059365,-0.022249,0.140939,0.096296,0.118404,0.059132,0.118195,0.014757,
-0.154924,0.192109,0.044248,0.058971,-0.051569,0.058967,-0.184162,-0.073801,0.073855,-0.036900,
-0.036914,0.118168,-0.184420,-0.229104,-0.111111,0.111235,-0.014815,0.059268,0.051829,0.051802,
-0.192308,0.037054,-0.029632,0.096332,-0.096239,0.074102,0.192521,-0.007390,-0.096083,-0.044389,
0.155429,-0.125628,0.051794,0.066558,-0.096076,0.029590,-0.014791,-0.029586,-0.022196,0.066603,
-0.103535,0.014806,0.074019,-0.022189,-0.036990,-0.014802,0.288675,0.140232,-0.029481,-0.066352,
0.036887,0.036873,-0.014744,0.000000,0.014746,0.066347,0.169442,0.007355,-0.102956,0.095701,
-0.132382,0.073643,0.257561,-0.132120,-0.124945,0.007359,-0.338484,0.014767,0.073823,-0.125406,
-0.014772,0.103420,0.000000,-0.007380,0.036900,0.339358,0.154400,0.646014,-0.109409,-0.182548,
0.182882,-0.197152,-0.065847,0.058569,-0.175605,0.117276,-0.087854,0.073276,-0.021967,-0.175773,
0.022010,-0.205384,0.014700,-0.014698,0.073502,-0.036724,0.051433,0.029375,-0.088099,-0.007348,
-0.036743,0.007351,0.058806,-0.022039,0.080829,0.022026,-0.036703,0.051403,0.088073,0.051331,
0.080622,-0.161113,-0.080687,0.007341,-0.044043,0.073438,0.007338,-0.227473,0.066191,0.000000,
0.007350,-0.110237,0.110359,0.066142,-0.014689,0.044072,-0.066079,-0.044082,0.676222,-0.058407,
0.306816,0.087393,0.014553,-0.029101,-0.014555,-0.021836,0.036401,0.203770,0.130728,0.420686,
-0.122788,0.086780,0.520231,0.438470,0.078723,0.364703,-0.242252,0.085708,-0.085635,0.107135,
-0.071347,0.185635,-0.121152,-0.014270,0.149861,0.064130,0.170904,-0.120850,-0.064057,0.455808,
-0.184332,-0.106542,-0.049772,-0.277442,0.235412,-0.035585,0.220703,-0.007104,0.078147,-0.014197,
0.106496,-0.078014,0.021293,-0.156117,-0.206112,0.256392,0.056830,0.184594,0.049607,0.148746,
0.007073,0.898161,-0.119156,-0.147368,0.140558,-0.421082,0.084573,0.070418,-0.112589,0.302924,
0.203680,-0.035046,-0.028047,-0.077150,0.084228,-0.126236,-0.056176,-0.140519,0.161824,0.077269,
0.028076,0.007017,-0.049116,0.014040,-0.350951,0.098612,-0.063331,-0.091536,0.140954,-0.063340,
0.000000,-0.126761,0.049358,0.091620,-0.042248,0.662158,-0.055983,0.217056,0.041920,0.181577,
-0.055769,-0.209249,0.048927,0.167668,-0.125541,0.062849,-0.209366,-0.167844,0.140105,0.104932,
-0.139762,-0.111966,0.112092,0.125962,0.132793,0.083758,-0.062766,-0.244243,0.202868,-0.111701,
-0.412357,0.056144,-0.070141,-0.147399,0.014059,0.035142,-0.028104,-0.014056,0.224924,-0.245459,
0.014061,0.042176,-0.056211,-0.168729,-0.098592,-0.190328,0.007063,0.098870,0.056441,-0.014102,
-0.021157,-0.395006,0.169960,-0.106045,0.063694,0.141453,-0.007063,0.148326,0.077580,-0.070472,
-0.260931,0.021212,0.000000,0.091899,0.091814,-0.134067,-0.197838,-0.077876,-0.191299,0.070987,
0.141874,-0.120422,0.446809,0.098849,-0.218664,-0.141383,0.134504,-0.692824,-0.227807,-0.035676,
0.000000,-0.035689,-0.042842,-0.164297,-0.057241,-0.035796,0.186206,0.028594,0.085757,-0.042842,
-0.078577,0.078639,-0.007143,-0.100014,-0.064359,-0.093023,-0.064461,-0.107504,-0.021524,0.150700,
-0.128977,-0.071746,0.086157,0.000000,0.143472,-0.193410,-0.035886,-0.071798,-0.028740,-0.143740,
0.028789,-0.014391,-0.057571,0.151210,-0.129413,-0.179973,0.050483,0.079291,-0.064823,0.345946,
-0.158012,-0.007194,-0.007194,0.086337,0.057508,-0.050291,-0.158137,0.093593,-0.222973,-0.129758,
-0.830085,-0.342092,0.058428,0.065693,0.043767,-0.094787,-0.284630,0.065871,0.277940,-0.021882,
0.029182,-0.218802,-0.087713,0.146316,0.007305,0.051132,-0.021903,-0.007302,-0.087636,0.168116,
0.189726,0.160233,0.043630,0.007268,0.101752,-0.021782,0.029049,-0.210542,0.174609,0.094415,
-0.087070,0.210603,0.101457,0.123072,-0.007231,0.144624,-0.216622,0.123019,-0.101185,0.405151,
0.194553,0.215750,-0.315752,-0.093586,-0.050440,0.136976,0.028798,-0.079171,-0.036015,0.129702,
0.100748,-0.122214,0.000000,-0.007198,0.100777,0.050338,0.122188,-0.007179,0.150765,-0.501792,
-0.072046,0.072098,0.172911,-0.021577,-0.071937,0.071989,0.100712,-0.050305,-0.035951,0.086312,
-0.093424,-0.079125,0.086387,0.122276,0.007184,0.093384,0.028707,0.050222,0.064539,-0.243658,
0.028736,0.079000,-0.071762,-0.007181,-0.143637,-0.496260,0.115649,-0.288788,0.137572,0.043384,
0.086730,-0.050549,0.028900,-0.014446,-0.144477,0.057875,0.050611,0.021679,0.014450,0.057791,
-0.144394,-0.108452,0.101332,-0.028923,0.007233,0.130180,-0.317804,-0.079704,-0.130529,0.145222,
0.087007,-0.137641,0.282916,0.159144,0.057778,0.144363,-0.194609,-0.028887,-0.086686,-0.028921,
0.007232,0.014463,0.115691,-0.086668,-0.108429,-0.094073,0.181081,0.180753,0.043303,0.165921,
-0.057616,0.389133,-0.035891,-0.014362,0.043091,0.035894,0.007176,-0.007176,-0.071762,-0.086176,
0.122188,-0.064609,-0.136484,-0.057546,0.079171,-0.057533,-0.165503,0.043246,0.266571,-0.194007,
0.208783,0.186795,-0.229473,-0.050313,0.237308,-0.100438,0.014363,-0.157967,0.215750,-0.509508,
-0.137046,0.000000,-0.108342,-0.101229,-0.007238,0.014477,-0.137512,0.036237,0.065203,0.000000,
0.202722,-0.086705,-0.130171,-0.137581,-0.203031,0.029063,-0.152539,0.021825,0.080006,0.087209,
0.094394,-0.072543,-0.116152,0.101752,-0.210557,0.116414,-0.101744,-0.014550,-0.029104,-0.101892,
0.101996,0.000000,-0.050946,0.014563,0.000000,0.007281,0.101922,-0.007273,-0.021820,-0.014550,
-0.029104,-0.036390,-0.080087,-0.167590,-0.014597,0.153296,0.145773,-0.043668,0.072812,0.036380,
-0.094552,0.174723,-0.036337,-0.058161,-0.181858,0.072876,-0.050976,-0.029144,-0.014576,-0.043735,
-0.102093,0.036499,0.189726,0.109250,-0.109131,0.131100,-0.058190,0.000000,-0.174672,0.087489,
-0.036422,0.021861,0.145709,-0.072748,-0.050961,-0.262219,-0.094939,0.036550,-0.051151,-0.007311,
-0.021935,0.036566,0.087726,-0.007304,0.000000,-0.087655,-0.029244,0.043879,0.095029,0.087636,
-0.007297,0.000000,0.182428,0.000000,-0.131109,0.153162,0.174774,-0.094504,-0.138252,-0.233168,
0.014607,-0.131444,-0.387540,-0.521177,0.701004,0.351726,0.496532,-0.029063,-0.036340,0.210848,
0.108830,-0.181186,-0.079866,-0.210725,0.094662,-0.210970,0.000000,0.269738,-0.116330,0.000000,
-0.080070,-0.080134,0.014582,-0.255139,0.043850,-0.029221,-0.014615,-0.065775,-0.029253,0.153621,
0.065737,-0.233577,0.095113,0.116951,-0.087610,-0.051151,-0.007311,-0.051181,0.000000,-0.029261,
0.087809,0.073110,0.000000,0.007306,-0.058441,-0.051166,0.021939,-0.168166,-0.051267,-0.065949,
0.058660,-0.168548,0.022022,0.029356,-0.088041,0.080775,-0.036686,0.256900,-0.527125,-0.183999,
-0.088483,-0.103321,0.206856,0.014745,0.014743,-0.265330,0.007390,-0.022168,-0.073910,0.000000,
0.110947,-0.036941,0.236511,-0.088483,0.007380,0.044277,0.036881,0.007374,-0.066357,0.243471,
-0.051520,0.036819,-0.051527,0.000000,0.162027,-0.058824,0.117716,0.029394,-0.058772,-0.124963,
-0.022080,-0.014723,0.080990,0.058854,-0.029410,-0.353019,0.007381,-0.007380,0.022142,0.213991,
-0.169354,0.014751,-0.044248,-0.103291,0.347120,0.220799,0.183594,0.131945,0.036603,0.182949,
0.073046,0.145985,-0.160350,-0.124106,-0.182735,0.014646,0.043930,0.000000,-0.182963,0.058655,
-0.102587,0.029341,0.065997,-0.014656,0.043975,-0.095238,-0.051331,-0.066031,-0.088099,-0.132265,
0.022073,-0.007356,-0.022070,-0.036792,-0.022083,-0.036813,-0.117846,0.088489,0.132616,-0.051505,
0.022085,-0.029440,-0.044173,0.000000,0.022096,-0.014728,-0.117838,0.051615,0.014739,0.125267,
-0.007359,0.007360,-0.058875,-0.081001,0.066328,0.051554,-0.088333,-0.007368,0.073681,-0.014725,
0.184094,0.102903,-0.176224,0.220669,0.051376,0.146714,-0.021975,-0.212470,-0.029369,-0.044066,
-0.022043,-0.124936,-0.191317,0.014745,-0.154799,-0.014766,0.147678,0.014746,-0.051603,0.081133,
0.095807,0.044176,0.103032,-0.117630,-0.206095,-0.014751,0.125406,0.014735,0.073665,-0.198749,
0.007376,-0.059001,-0.007380,0.022140,-0.007378,-0.029516,-0.073812,-0.014773,0.280733,0.198910,
0.235277,-0.044011,0.264181,-0.014638,-0.051241,0.073239,-0.226874,-0.132033,-0.271759,0.073649,
0.117751,0.044105,0.095518,0.080746,0.088015,0.051297,0.124515,-0.746159,0.044222,0.058936,
-0.044176,-0.044196,0.132646,-0.073594,-0.036824,-0.132616,0.022132,-0.059006,-0.103321,0.155142,
0.206535,0.287081,-0.007340,0.381707,0.241316,0.080245,0.313434,-0.305188,-0.007289,-0.145783,
-0.218994,0.007316,-0.080468,-0.322132,0.000000,-0.036724,0.022043,0.220378,-0.014660,0.007331,
-0.036652,0.183325,-0.014639,0.000000,0.241581,-0.167969,-0.073153,-0.051245,-0.021973,-0.197802,
-0.168832,0.183824,-0.036697,0.000000,-0.007342,0.014685,0.029366,0.095413,0.014665,0.219941,
-0.687637,-0.154685,-0.191811,0.022175,-0.103458,-0.096168,-0.037023,0.074074,0.000000,-0.051813,
0.266607,-0.177266,-0.007399,0.088797,-0.007393,0.066543,0.014778,-0.073877,-0.066539,0.110971,
-0.051729,-0.088725,-0.014801,-0.014803,0.037012,0.029599,-0.133156,0.007407,-0.007407,0.022222,
0.044435,-0.066622,-0.044444,0.022232,0.007409,0.118536,-0.073997,0.007405,-0.014809,-0.059246,
-0.051871,0.059312,0.103734,0.007402,0.133225,-0.170005,0.251740,-0.088626,0.133057,-0.007382,
-0.155039,0.014789,0.000000,-0.096111,-0.155406,-0.229766,0.156006,0.044504,0.081554,-0.162975,
-0.007420,0.000000,0.007421,0.059360,-0.103819,0.007423,-0.051960,-0.089120,0.089199,-0.014853,
-0.051994,0.014863,0.052014,-0.007427,-0.066845,0.089186,-0.059404,-0.096590,-0.037186,0.000000,
-0.007440,0.022321,0.089266,0.059457,-0.044567,0.022293,-0.007429,-0.037150,0.029731,0.029722,
0.022285,0.096547,-0.200326,0.163557,-0.178134,-0.059484,0.022320,0.066944,-0.304765,0.029824,
-0.067084,0.000000,-0.104423,0.052266,0.440299,-0.497808,0.141876,-0.044739,0.000000,-0.238717,
0.022433,0.052333,0.239109,-0.007454,-0.223647,0.044830,0.126960,-0.037294,-0.037308,0.067179,
0.007459,0.096964,0.029806,-0.089392,-0.044736,-0.044756,0.044776,-0.044756,-0.037313,-0.052258,
0.014939,0.067214,-0.029853,0.007465,-0.119439,0.067265,0.029875,0.037333,-0.059710,0.164302,
-0.134208,0.067194,0.067149,0.141664,0.000000,0.067009,0.074405,0.000000,0.074349,-0.052006,
0.208132,-0.207700,-0.237865,-0.156471,0.052239,0.059670,0.007454,-0.044723,-0.007457,0.939667,
0.096047,0.383820,0.242647,0.051346,-0.344575,-0.022070,0.036792,-0.125046,0.603918,0.087848,
-0.160913,0.029304,-0.021972,-0.095231,-0.036662,-0.190714,0.058793,-0.058759,0.058793,-0.007345,
0.000000,-0.102835,-0.058824,0.154503,-0.036730,-0.029394,-0.058806,-0.044131,-0.353201,-0.081229,
-0.081295,0.066568,0.125656,-0.014765,-0.059067,0.014775,0.125572,0.044264,-0.117985,0.044297,
0.029518,0.022132,-0.059006,-0.081181,-0.140335,0.000000,0.177515,0.022150,-0.088580,0.110824,
0.073801,-0.213864,-0.332570,0.170547,0.177659,-0.221680,0.051840,-0.029608,0.229528,-0.066484,
0.103489,-0.191995,-0.118378,-0.148148,-0.096439,0.096532,-0.140950,0.022287,0.044563,0.029696,
0.044530,-0.037092,0.000000,0.022263,0.066775,0.059316,-0.044461,-0.088961,-0.037100,0.007423,
-0.059378,0.141107,-0.051913,-0.089041,-0.089120,0.252732,0.318826,0.014782,-0.051729,0.133087,
0.243668,-0.117855,0.154867,-0.110448,0.176913,-0.478293,-0.399261,-0.022270,0.341550,-0.103596,
0.051852,0.118457,-0.244029,-0.474426,0.476687,0.037064,0.266765,0.029562,-0.036941,0.236511,
0.058988,0.221076,0.154412,0.007342,0.190868,0.051290,-0.205053,-0.286197,-0.132470,0.213707,
-0.139716,-0.081001,0.162134,-0.095652,-0.191486,0.044274,-0.007376,-0.095891,0.051683,0.051657,
-0.014751,-0.169667,0.362078,-0.066264,0.058941,-0.014726,0.058915,-0.088320,-0.029466,-0.029475,
-0.022112,-0.022117,-0.088489,0.088567,-0.140108,-0.169842,-0.029588,0.170181,-0.022160,-0.251201,
-0.088882,0.140856,-0.051821,0.007407,0.014813,0.044431,0.029608,0.170194,-0.029549,0.022168,
0.169917,-0.110628,0.044300,0.154982,-0.257903,0.132979,-0.051645,-0.036909,-0.147689,0.199675,
-0.066426,-0.110783,0.036969,-0.036955,0.014787,-0.051748,0.118343,0.073877,-0.088587,0.096054,
0.044290,0.014757,0.007377,0.000000,-0.081145,-0.007383,0.088600,-0.029507,-0.073790,0.059075,
-0.073801,-0.044313,0.096054,0.007382,0.376439,0.088242,0.146940,0.132052,-0.190490,0.051384,
-0.168745,-0.036746,0.102926,-0.139542,-0.051482,0.007358,0.073578,-0.080876,0.132450,-0.029394,
0.139665,-0.190854,-0.110318,0.000000,-0.154616,-0.022122,-0.022127,-0.169679,0.007390,-0.125619,
-0.295946,-0.074206,0.029704,0.000000,-0.081663,-0.007430,-0.052014,-0.014869,-0.096661,0.119083,
0.066905,-0.029715,-0.044586,0.089213,-0.051994,0.014863,0.096597,0.037117,0.029682,0.066766,
0.022240,0.155648,-0.185007,0.007414,-0.037067,-0.088994,-0.044537,-0.022278,0.000000,0.014856,
-0.059413,0.111466,-0.029691,-0.133650,-0.007435,0.037177,-0.118924,0.052091,0.000000,0.409074,
-0.096296,0.022244,-0.014826,-0.059312,0.215134,0.059220,-0.118369,0.088882,-0.125805,-0.170421,
0.044534,0.014838,-0.118686,-0.126253,-0.074360,0.267897,-0.155856,-0.074333,0.089266,-0.104051,
0.007440,-0.022318,-0.014882,0.052095,0.052068,0.170991,-0.074217,0.014854,-0.089113,0.111491,
-0.029698,-0.066840,-0.037158,0.066910,-0.007429,-0.014860,0.022293,0.022288,0.349105,0.118431,
0.036966,0.044343,0.177292,-0.073741,0.420633,-0.044092,-0.022056,-0.095595,0.066245,-0.389849,
0.206764,-0.014738,-0.228479,0.088646,0.110709,0.022117,0.169529,0.198675,0.381876,-0.102422,
-0.080557,-0.087951,0.110035,-0.293105,0.117587,-0.117448,0.029397,0.161634,-0.058681,0.044037,
-0.102707,-0.044063,-0.007347,-0.161646,-0.154548,0.058967,-0.110497,0.007375,0.014748,0.221190,
-0.095637,0.000000,-0.095729,-0.058967,-0.081127,-0.095955,0.007388,-0.066489,0.066534,0.007388,
0.088646,-0.022142,0.376495,0.125028,0.029382,0.095462,-0.088035,-0.007343,0.110148,0.110027,
-0.300410,-0.124936,-0.073584,0.088365,-0.044144,0.080966,-0.088255,0.066250,0.014712,0.102971,
0.220426,-0.117302,-0.029360,0.007342,0.036708,-0.022017,-0.036703,-0.022030,0.029379,0.014685,
0.117466,-0.065997,-0.029351,0.051380,0.242095,-0.117096,-0.043962,0.014661,0.117268,0.292826,
-0.109489,0.080380,0.087617,0.051065,0.102078,-0.043703,-0.094731,-0.021882,-0.094842,0.189864,
0.036443,0.051002,-0.021847,0.509870,0.072469,-0.050692,0.326040,0.180545,-0.209054,0.065015,
0.064973,0.259722,0.021587,0.223022,-0.244060,-0.287832,-0.036083,0.122726,0.187468,-0.021591,
0.050389,0.115116,-0.035932,0.150971,0.208169,-0.236390,0.244130,0.042977,-0.057278,-0.093130,
-0.093217,-0.064595,0.100546,-0.043048,-0.007178,-0.043069,-0.100539,0.079074,0.086195,0.086120,
-0.566471,0.086536,-0.158513,-0.101032,0.238388,-0.086480,0.000000,0.108194,0.093667,0.035992,
0.043175,0.014385,-0.035958,0.014388,0.079125,0.028750,0.071855,-0.035901,0.064646,-0.071782,
0.158035,-0.057376,-0.186581,0.100654,-0.172377,0.028779,-0.093505,0.107991,0.007192,0.129441,
-0.136455,0.028767,0.014379,-0.158148,0.079199,-0.014388,-0.201468,-0.086518,0.281426,-0.014392,
0.122346,0.064692,0.143668,0.014346,0.100409,-0.042989,0.035840,-0.035827,0.057344,0.007164,
-0.014327,0.093137,0.164627,0.150064,-0.071352,-0.007140,-0.014282,-0.021426,-0.128581,-0.114441,
-0.014322,-0.035809,0.035822,-0.021485,0.207736,-0.071485,-0.128765,0.064465,-0.229062,-0.265461,
0.079131,-0.165325,-0.215998,-0.028862,0.007218,-0.259815,0.007236,0.101295,-0.079508,0.057870,
-0.115674,-0.101332,0.152152,0.195327,0.014440,-0.173260,-0.021695,-0.448463,0.319698,-0.275223,
-0.334084,0.094731,-0.101922,0.094738,0.000000,0.087368,0.101840,0.021801,0.029061,-0.021790,
0.014530,-0.029055,0.094456,-0.166957,-0.079983,-0.087324,0.094683,0.029106,0.014549,-0.029093,
-0.058203,-0.014559,-0.007281,0.036406,0.029114,-0.021829,0.007278,0.007277,0.094600,0.058161,
0.036329,-0.217897,0.138303,0.043614,-0.058127,-0.065431,-0.152772,0.087432,-0.036398,-0.050976,
-0.262295,0.058441,-0.080310,-0.014613,0.109617,-0.036499,-0.065722,-0.087687,-0.036568,0.197542,
0.240964,0.138403,0.101840,0.058135,-0.181567,-0.072759,-0.262123,0.167908,-0.335253,-0.255941,
-0.014663,0.029330,0.205248,0.065838,0.029242,0.043850,0.080356,-0.175182,0.095057,0.087662,
-0.204365,-0.014627,0.029259,0.109689,0.116874,-0.080257,0.109529,-0.043764,-0.065674,-0.124133,
0.051177,-0.051151,0.087732,-0.102264,-0.036560,0.000000,0.168239,-0.116839,0.051177,-0.182682,
0.007321,0.007320,-0.117113,-0.007328,0.036643,-0.036630,-0.007329,0.190560,-0.073153,-0.102489,
-0.043969,-0.021994,-0.117328,-0.007342,0.000000,-0.301028,-0.132558,-0.132734,0.147678,-0.007373,
0.044241,-0.036851,0.029492,-0.088450,0.081151,-0.029485,0.176965,-0.029442,-0.073627,-0.029472,
0.044222,-0.095771,0.110611,-0.103123,0.029494,-0.117942,0.022140,-0.036892,-0.029525,0.110750,
0.095877,0.257884,0.095539,-0.022026,0.058750,0.007339,-0.183473,-0.073524,-0.044147,0.000000,
0.139860,-0.139665,-0.029444,0.058906,-0.103025,-0.213628,0.059058,0.184447,0.029457,-0.029449,
-0.066279,0.088430,-0.198793,0.184434,-0.051546,-0.051573,0.022114,-0.088437,0.059010,0.073719,
-0.029466,0.044212,0.081019,0.051516,-0.044134,0.051512,-0.051486,0.125101,-0.014699,0.029403,
-0.036743,0.029405,0.124936,-0.029360,0.000000,0.102790,-0.058677,0.007339,0.000000,-0.029353,
-0.022022,-0.022026,0.029375,-0.183540,0.000000,-0.088261,-0.066254,0.073665,-0.029444,-0.022090,
0.036824,0.014724,0.073611,-0.176535,0.095792,0.007362,0.014722,0.014720,-0.103025,-0.066298,
0.058971,-0.066303,0.000000,0.110579,0.022091,-0.139881,0.051607,0.036843,0.007366,-0.051558,
0.081061,0.014726,-0.007362,-0.139891,0.029492,-0.235866,-0.066494,-0.081325,0.177580,0.118177,
-0.007377,0.059023,0.029494,-0.103199,-0.103306,0.243758,0.014737,-0.073676,-0.022119,-0.066372,
0.044277,0.059010,-0.066347,-0.014754,0.044267,-0.036873,0.007377,0.036884,0.125359,-0.051554,
-0.022106,-0.022111,0.014744,-0.022112,0.022117,0.022112,-0.051584,0.044238,0.022109,-0.014736,
0.029477,-0.132606,-0.140159,0.059097,0.000000,0.155039,-0.184284,0.103390,0.110660,-0.176861,
-0.044294,0.132939,-0.073757,0.007381,-0.088567,-0.110807,0.022186,-0.118299,-0.074025,-0.022224,
0.088915,-0.022209,0.037023,-0.222058,0.007418,-0.074178,0.074234,0.044507,0.022244,-0.029652,
0.037075,0.088948,-0.029623,0.200015,-0.066539,0.044389,0.059158,0.000000,-0.081295,-0.103550,
-0.044425,-0.014815,-0.044451,0.007412,0.103758,-0.066632,-0.074085,-0.044484,-0.044504,0.118730,
-0.051883,-0.051910,0.081614,-0.044481,0.118668,0.044448,0.133284,-0.103527,-0.088830,-0.007409,
0.037048,0.066662,0.037010,0.007399,-0.044392,-0.037010,-0.244354,-0.029691,-0.126225,-0.074344,
0.022320,-0.037191,-0.104174,-0.037244,-0.044709,-0.037274,0.119323,-0.052142,-0.044716,-0.059648,
0.134288,0.007450,0.007450,0.096841,0.141401,-0.022295,-0.118933,-0.014884,0.074432,0.074377,
-0.089186,0.074388,-0.014867,-0.022303,-0.141285,-0.044679,0.052149,0.059568,0.066974,0.014873,
-0.104097,0.066989,-0.171080,0.074510,-0.007445,0.059568,0.052091,0.148754,0.133680,0.007417,
0.155740,0.096261,-0.029590,0.133195,-0.081289,0.000000,-0.066563,-0.081409,-0.014814,-0.022224,
0.163011,0.051783,-0.207024,0.259317,0.059119,0.103397,0.169692,-0.066289,-0.058962,0.272861,
-0.080900,-0.110408,0.051581,-0.066284,0.014739,-0.051581,-0.044235,0.022127,0.103237,0.000000,
-0.073665,-0.081091,-0.007378,-0.036892,-0.051668,0.051695,0.000000,0.044287,-0.095913,-0.007385,
0.014771,-0.036922,-0.096033,0.081337,-0.051718,-0.014784,0.088718,-0.036933,-0.022168,-0.029564,
-0.051752,0.007397,-0.147929,-0.051852,-0.007411,-0.014824,0.014826,0.051883,0.111119,-0.014799,
-0.059207,0.222156,-0.214275,0.140689,-0.103520,-0.088823,0.140762,-0.066583,-0.059224,0.111111,
0.014798,0.096175,-0.103474,0.000000,0.073986,0.029573,-0.081301,-0.007397,0.029590,-0.007395,
-0.007396,0.051775,0.170030,0.132841,0.044222,-0.029468,0.029477,-0.044202,0.014741,-0.066323,
0.066367,0.110538,-0.154582,0.022117,0.014742,0.103176,0.000000,-0.265037,-0.036909,0.155073,
0.125341,0.073638,-0.220751,0.110619,-0.036832,-0.058954,-0.073735,-0.081169,-0.206779,-0.081403,
-0.029625,0.044451,0.118483,-0.007396,-0.103558,0.185117,-0.243902,-0.014818,-0.074102,0.007416,
0.074151,-0.051867,0.059308,-0.051863,0.007413,-0.081536,0.007418,-0.170610,0.081736,-0.044547,
0.148555,0.022250,0.103811,-0.088889,0.081554,0.044448,-0.044428,-0.037040,0.051875,-0.088882,
-0.044481,-0.089001,0.022270,-0.007422,0.089067,-0.007416,0.081578,-0.051871,0.051898,-0.014820,
-0.029645,0.037067,-0.059286,0.081566,-0.022227,0.229732,0.051756,0.059119,-0.029542,-0.022163,
0.177344,0.066386,-0.110571,-0.007380,0.029520,-0.059023,-0.051676,0.081247,-0.132841,-0.007390,
-0.051733,0.014789,-0.066539,0.044389,0.051764,0.140429,0.000000,-0.036903,-0.081217,-0.096061,
-0.088757,0.081433,-0.007397,-0.155348,0.059272,-0.022214,-0.066657,-0.037056,0.014828,0.103781,
0.066647,0.037001,-0.170144,-0.014820,0.051879,0.044444,0.022212,0.007402,-0.096225,-0.007409,
0.000000,-0.074096,-0.074151,0.000000,0.103888,0.037064,-0.133383,0.022260,-0.014837,-0.022258,
0.051948,-0.014835,0.066766,0.096375,-0.029625,-0.022226,-0.125973,0.081614,-0.111202,0.044530,
0.066766,0.111202,-0.162915,-0.074173,-0.089074,0.096582,-0.059378,0.051987,0.007423,-0.089067,
-0.066860,0.059471,0.022288,0.022283,0.155948,0.044487,0.029645,-0.229681,0.022278,0.051971,
0.000000,0.081627,0.014829,-0.022240,-0.066736,-0.037100,0.163302,-0.044464,0.051898,0.037051,
-0.029630,-0.096325,0.014833,0.007416,-0.140887,0.200490,0.022232,-0.037045,-0.126001,0.044527,
0.000000,-0.066761,0.014846,-0.007422,-0.007422,0.103919,-0.103811,0.074228,0.103842,-0.081506,
0.051910,-0.074118,-0.007417,-0.007418,0.148368,1.940741,0.159860,0.435287,-0.187807,-0.260530,
0.224931,-0.195468,0.224866,-0.036187,-0.094121,-0.021741,0.079733,-0.072427,-0.014496,0.057992,
-0.050714,-0.007248,0.014498,-0.086975,-0.116068,0.058102,0.007258,-0.101611,0.029061,-0.276002,
0.014567,0.211186,0.101737,0.029038,-0.021772,0.145180,-0.130473,-0.072579,0.167054,0.021753,
-0.079745,-0.036277,0.021774,-0.152384,0.159884,-0.029023,-0.007258,-0.014517,0.217786,-0.014488,
-0.036224,0.028990,0.014491,0.159374,0.470129,0.000000,-0.050392,0.000000,0.331317,0.000000,
0.064609,-0.078915,0.028719,-0.014355,0.222541,0.100279,-0.135957,-0.121811,0.007174,0.136298,
-0.222079,-0.043079,0.014366,-0.028727,0.028736,-0.064637,0.100611,-0.100510,0.000000,0.143730,
-0.043057,0.007179,0.136396,0.043014,-0.028664,0.021504,0.042998,0.035817,0.379520,0.049936,
-0.078431,0.057086,0.135501,-0.113952,-0.128342,0.157064,0.106921,0.320422,-0.063880,0.198864,
0.318968,0.084788,0.317684,0.204082,-0.252827,0.126734,-0.189860,0.028181,-0.056346,-0.035236,
0.091646,-0.824060,-0.078119,-0.021322,0.191939,0.000000,0.212857,-0.063721,-0.049593,-0.021265,
0.432471,0.381194,-0.281294,0.211566,-0.021112,-0.091504,0.239538,0.189767,-0.203437,-0.098411,
0.000000,-0.021109,-0.098529,0.035224,-0.021127,-0.098612,0.190369,0.105559,0.260105,0.308512,
0.230672,0.048818,-0.139412,0.048862,-0.111631,-0.020954,-0.041917,-0.020967,-0.027962,0.083910,
0.104800,-0.118649,-0.020963,-0.118815,-0.048982,-0.210025,-0.175389,-0.168670,-0.527983,-0.601557,
-0.014240,0.220751,0.106580,-0.056782,-0.078119,-0.206112,-0.256392,0.071403,-0.021406,-0.021410,
-0.242701,0.014311,0.128783,-0.100036,0.050068,0.457535,-0.064048,0.014242,-0.156639,0.092705,
0.099744,0.120996,0.142177,-0.184567,0.021336,-0.376849,-0.107059,0.092884,0.071383,-0.035666,
0.007136,-0.035676,0.028551,0.000000,-0.014271,-0.021410,0.021415,-0.007137,0.014274,0.000000,
0.149861,-0.192390,-0.164204,0.100114,0.000000,0.000000,-0.078583,-0.100093,-0.085880,0.042977,
0.028639,0.057261,0.107304,-0.107189,-0.021461,-0.207499,0.308310,